# oST version 5.0 parameters


[image]

width
640

height
488

[narrow_stereo]

camera matrix
584.362562 0.000000 323.022848
0.000000 584.941734 246.456086
0.000000 0.000000 1.000000

distortion
-0.071805 0.192270 0.000590 0.002390 0.000000

rectification
1.000000 0.000000 0.000000
0.000000 1.000000 0.000000
0.000000 0.000000 1.000000

projection
589.223389 0.000000 324.211702 0.000000
0.000000 590.782227 246.637858 0.000000
0.000000 0.000000 1.000000 0.000000
