image_width: 640
image_height: 488
camera_name: depth_B00362722000129B
camera_matrix:
  rows: 3
  cols: 3
  data: [584.3625618140799, 0, 323.0228479404812, 0, 584.9417342552147, 246.4560864318176, 0, 0, 1]
distortion_model: plumb_bob
distortion_coefficients:
  rows: 1
  cols: 5
  data: [-0.07180480753740406, 0.1922700571169654, 0.0005903010488907516, 0.002389735103563525, 0]
rectification_matrix:
  rows: 3
  cols: 3
  data: [1, 0, 0, 0, 1, 0, 0, 0, 1]
projection_matrix:
  rows: 3
  cols: 4
  data: [589.223388671875, 0, 324.2117019355355, 0, 0, 590.7822265625, 246.6378576458665, 0, 0, 0, 1, 0]
