image_width: 640
image_height: 480
camera_name: rgb_B00362722000129B
camera_matrix:
  rows: 3
  cols: 3
  data: [532.815318, 0, 324.434192, 0, 533.085268, 265.943112, 0, 0, 1]
distortion_model: plumb_bob
distortion_coefficients:
  rows: 1
  cols: 5
  data: [0.172549,-0.288246,0.002787,0.003581,0]
rectification_matrix:
  rows: 3
  cols: 3
  data: [1, 0, 0, 0, 1, 0, 0, 0, 1]
projection_matrix:
  rows: 3
  cols: 4
  data: [546.257935, 0, 326.539685, 0, 0, 547.798462, 267.082792, 0, 0, 0, 1, 0]
