# oST version 5.0 parameters


[image]

width
640

height
480

[narrow_stereo]

camera matrix
532.815318 0.000000 324.434192
0.000000 533.085268 265.943112
0.000000 0.000000 1.000000

distortion
0.172549 -0.288246 0.002787 0.003581 0.000000

rectification
1.000000 0.000000 0.000000
0.000000 1.000000 0.000000
0.000000 0.000000 1.000000

projection
546.257935 0.000000 326.539685 0.000000
0.000000 547.798462 267.082792 0.000000
0.000000 0.000000 1.000000 0.000000

